87.22065468836793
88.13233784722037
59.22608525263233
57.52774758531069
26.61120705999505
18.456057830885857
49.6103539257172
61.26258537580193
37.61493318678195
35.76482582084621
51.57002444881891
35.03927553884699
25.055993104372373
53.53854863969612
13.70042021764186
71.16168569705067
34.67608711296288
62.11221884626733
39.30885015321224
18.666270910270775
19.388390325072656
42.02828664148612
28.83464909205913
17.372319746762624
62.35697542350029
52.699098709300145
43.418456961299135
42.17108491795067
77.43601774567787
42.99563095649746
69.93974294563787
62.20073585856133
50.92767262404849
59.63835306506081
36.4446911066206
33.20305396976088
42.5943240832126
40.56143701003261
67.9294912061916
24.77408694356521
77.67419750230404
49.37871742290762
18.025851328770017
56.59704189609846
34.69511957600407
50.04007070655059
27.6812195984853
83.21679190167629
61.71573021484893
64.1150207058188
47.8712816126632
76.30414744563814
51.264768030518766
39.58435994262429
39.6140445416825
30.30539305356231
66.82300682180227
46.98683020826735
51.434591280749935
24.07327946574687
68.12669676623472
44.544036837503604
18.97862925253354
61.09346722051766
69.07792073060527
14.992011472670704
51.28769726831785
40.005665871409306
76.621836232935
62.742456101469045
44.65316909101551
59.87952275628589
97.92835302436468
39.44506118003351
17.64060370563203
70.79586458743422
78.17408707501669
98.96950673595177
107.35397614529441
30.108404066521523
39.52409466533391
17.286146729792353
11.300417070133003
38.57531127678202
85.88626878764497
41.09234817541957
41.06494083562803
56.743651636461735
32.661834582573114
25.278055381159106
50.44783421925132
35.665059210743806
44.1169970694928
56.26218987274238
26.4962140887287
31.686274930049684
64.42289194965008
71.40932223906499
54.73535429021074
45.13543303427326
