7.977034282134325
14.687600808982065
19.511934097702994
17.474065031677817
5.431602563462006
7.583290919621616
13.142506751887428
7.2741900800640735
15.772529062011348
15.137697272722557
6.522461685765139
5.66257949725842
8.184124114507211
11.679692226872833
13.579964522701157
16.487968916607166
12.221520709002776
11.315141486489207
5.8317282672333555
10.112970293309186
9.36003813997777
10.049734984383901
6.5463636828017595
14.775294298153083
10.539737332648135
7.008897052800929
20.89141964408006
14.267602316472233
19.074658938106715
18.668298230545275
7.515070140576312
19.69986389682
25.89580166715135
11.000707547279777
8.405671673015213
15.855363805733589
9.830808061364941
13.492289699859306
11.12735280270464
15.338270169451977
2.372637611540812
19.620513551776064
10.547245332894137
4.8717121825523195
10.817267434717467
10.144402289631001
11.331247418535249
12.283235751175761
9.152632172831144
10.029954424107121
22.184902460548628
18.584507929743673
23.712358847289206
14.573418700178582
10.25768556649409
14.349079233507426
30.75304493294994
12.064612542053656
9.841605176732118
7.031111766180547
18.420985442425035
15.188916600254329
6.911281269506464
8.50521706437617
10.79023088188259
10.107569973818562
10.220761687758285
8.181652869200999
14.233824772760052
21.103579519539537
11.1069711089137
5.405847403437967
12.200128321646792
9.188576740588289
18.046441405431302
6.55458053805238
9.769399314042378
13.8694578237955
9.562333844217703
7.392084515455165
14.95071897120198
7.759175452968868
21.820806919031988
2.0018754258867393
23.297854460058787
33.13908791709032
33.090504426241495
19.452752118473988
8.947499969252323
15.716730770816103
14.083580218397131
9.10790203692889
14.831187301739522
14.952205622945275
8.580000726718323
22.16554068355225
8.851645326740043
17.319435077331367
18.531659324395655
14.832848377769025
