0.3834726720224653
0.4782850882152618
2.236125036427273
0.5216959855898329
2.7430365866970967
0.9777807036231541
1.1149591122196845
1.2615592126545212
1.7534605642590115
0.07008602465267375
2.9920625847330182
1.3569699242526065
1.314301996204058
0.687131299238412
0.20368123213815467
1.508038317662304
0.9569953529345182
0.5753803584198917
1.7350088173745812
1.2271595972564247
0.7042494453757888
1.6045668394816854
0.5763768469366745
2.541440258199876
3.065345349070781
3.3493056064417503
1.993941368297562
1.4286743356974845
1.0223093607340676
0.4906471366646972
1.2718278428049277
1.0007160031766087
1.6906963757120588
0.37908631646717217
0.5275789155291534
1.4597487701987681
2.0908254289020842
2.378273769589208
1.682958186812972
2.8673240254886343
1.1850122968893901
0.9807492211447382
1.4408578740713522
0.6466201850104845
0.7436576429623902
1.8611251645593578
1.289299488700805
1.7115421577772243
2.3620943093695916
1.629632728601563
0.8838294347012097
1.2603212886561959
1.738135870563105
0.5068845682437719
2.665718922688976
0.43533475691605766
2.480026764293509
1.4774796810313566
1.7921483861434937
0.5413345031538367
1.5257416013728093
1.8460661108424559
0.7781014086147334
3.3995561255418663
2.1346042127271803
0.8903936869385582
1.0002081199765938
1.6926849677877431
2.240975039272373
3.165406497915086
0.2654852921540965
2.286098363957678
0.4993991117772571
0.2439400795859471
2.1752357745461754
0.86596498532636
0.32868855888681725
0.6897034793654014
1.625907285886647
1.389079670734482
0.29466006745336804
1.5581205324034544
1.8284515302735622
2.342527945749838
2.0618713281638668
1.0126739353662386
1.879242434574909
1.912142163974381
1.5029334644756012
2.092102055374913
2.499740211230204
0.47308760233002045
1.8460983531269193
1.0297057038962365
1.2866894256612436
1.4010023344115088
2.752112887890882
1.156455107958031
2.3796571980021257
1.3182993456337642
