7.785405755201809
3.148625921161153
1.9240685903211532
6.996827346019474
8.152159788164868
2.962746865600477
4.731211514434672
5.094767348742037
4.37829889119601
6.9811535826800055
8.624317039824998
1.7926336976738926
7.289377828928903
8.724571126750522
8.896122754315652
2.9264623118211386
7.274266277773219
8.594672692636202
10.588697492161495
5.28420409603778
3.3367333720821595
2.8161361829757277
12.652850345848268
8.772653272154743
6.546764289820315
10.06282198796853
5.308176766863025
4.317635914654764
5.425781724016879
5.65543811137461
12.828042872429213
4.185466569520899
15.902617355877915
7.758588815593227
7.952238026842308
8.020494304899827
10.362657786740728
11.63038937341913
5.731612633553462
2.8118374557565726
6.042060277832157
6.688499557219973
10.916023370049784
4.421930387506793
10.198692788484124
6.03917182900019
7.240974466652082
6.134416269323603
4.108392330160272
3.573479905563007
5.512519591154579
8.78172169247917
5.148685995823126
6.97393028628835
15.853064167018939
10.945501039300117
8.120160513202425
5.395750115485047
13.623316730757946
2.319518468956862
7.838362216153116
11.44081075394579
7.905063548329226
3.7825416513553938
10.326923240644755
7.7789718435654684
9.244564740380355
7.451746943710229
3.3339977048442053
7.696984921175152
3.4976835141754936
8.67722680225127
9.149456455934423
6.533721430487576
16.315020846144016
3.0788553228652877
8.583527003779505
15.882371097371426
11.086857241322244
6.666605402941489
9.60240778289436
3.7787529183533906
9.1696460138446
8.301347673003923
12.760955488516668
11.037285183978142
0.8336277120654635
8.302904934376217
13.672904849947031
8.78600079273139
1.2035697639387712
12.96896394494886
5.902680566695169
8.27646315311359
6.543600434571276
5.293000332306927
15.400498989584129
12.200564828145753
7.270170949899166
8.583566921279449
