1.38057563998613
0.1589189757615372
0.9756360022224271
0.3025608156771947
1.1534970502187956
0.17066503958435794
0.012133703615039165
0.8348305695320691
0.1551309430859657
0.5710729377984262
0.6703502649965086
0.8335894682659187
0.40327367462510655
0.8594900035908969
0.21524406621455575
0.4995942528111459
0.2252879828468256
0.9098304336995453
0.7604573847249076
1.2114997300683932
0.45861262907186273
0.4077000812425354
0.8014690268668331
0.2163316639390114
0.9086164598206352
0.09849872243033087
0.21348416680501028
0.26961946658571706
0.4752540767099589
0.10687938044956485
0.6553989763742119
0.28256057661991313
0.5334997165805132
0.3032431814804769
0.17680894781073056
0.09618640108748744
0.660094605014295
0.07946875221696903
0.200208323779708
0.041563374728510474
0.3802236968062831
0.9854944263515268
0.05921187843182005
0.053112481494666255
0.19412150040834888
0.06384519883626824
0.13499429238549498
0.5077199814894287
0.27255841790537766
1.141272368140502
0.413612725866114
0.054507030428099935
0.19039299914886973
0.3129466294370443
0.44717250441616135
0.001803737783016848
0.11255092352177927
0.045310534760418235
0.02189381599292899
0.33656868331686784
0.4300481576516627
0.746834521854468
0.8459829017946772
0.5960391121222932
0.44287737789694254
0.21179351787970366
0.7191365791308815
0.0985976785492424
0.04534750162331579
0.7497440373628279
0.26377980560250913
0.05804199926601455
0.48378958623449575
0.1352880157945437
0.7779587675709612
0.046471931809226985
1.0847581972809786
0.12442906650664134
0.4967785867559035
1.3093028961717104
0.33133783867351085
0.6372922207475206
0.18168429045521337
0.5967687485026598
0.46588730129489553
0.08333375220767082
0.2432782911957001
0.5307437693233353
0.2355557657806875
0.3872893209675162
0.8082702504507866
0.38949273934844697
0.7764600221572688
0.5138502494580321
0.7383640563912233
0.15631146975839483
0.10995465256637861
0.3920753585064847
0.0251729803597013
1.1865259197122762
