0.13968462089683736
0.10840774636234547
0.3402291273598285
0.09218934307437285
0.0894157427921474
0.24423650224763774
0.011028373484146136
0.03791917969646327
0.10101239433916495
0.010944266981257304
0.027736866548536274
0.007957577556606069
0.015721418510325734
0.006921181646873145
0.008851653712736957
0.03741459829369367
0.09896068779475857
0.08084723510011244
0.013417901559643557
0.10724354800815955
0.029687524373694596
0.008739848952750956
0.023916094516482696
0.21124666912421225
0.08944427094553814
0.048712699108983425
0.04221258246401339
0.12080572804070563
0.062281028861341146
0.027110597804132924
0.08075576346959674
0.003045545992689417
0.3089172016606221
0.007991805966320606
0.06829939509908901
0.012934183368673755
0.11084675145839495
0.02914641945269783
0.07319608224939689
0.00710927440015003
0.002305727349488244
0.017858799264914897
0.10285688161150011
0.07248351352737561
0.055534595161441165
0.07913408297338748
0.022499542597048654
0.01987655081638639
0.02969951801191164
0.015414607305756006
0.09027121433446017
0.09076745413730157
0.04208442248248131
0.06427032172120493
0.012775013224610362
0.011292551813049749
0.061924020558095406
0.02749235062642881
0.00311179903347006
0.05701007196659717
0.000243598200822111
0.07180392532541327
0.07416102833561007
0.10504933152283528
0.016428949497785734
0.03434137603300144
0.00405750666275691
0.04249803388994196
0.07623812815958023
0.05804280872559421
0.015372810315455043
0.005643413383741292
0.009486807010658202
0.009023477387249559
0.011668721500716406
0.006265273154204623
0.061386127250436295
0.026505599619386415
0.01812573584578248
0.000423495674984913
0.09241622703179173
0.006763178410822838
0.009052686527200112
0.018642093744471237
0.017342153371610484
0.06060676790717195
0.08339479539551681
0.009377769951819168
0.007638827387852325
0.1263798123643001
0.03497677829124311
0.03219888509150925
0.034393943116105975
0.017899516602424153
0.06485946555409879
0.13661951943546066
0.09961304777426583
0.1734812894830352
0.0023542586501147985
0.04672283439502109
