2.149754703672587
6.738983958046648
3.1011731699978538
3.360859690332502
2.9870946504173874
4.067159347668328
4.227707584582061
3.435984647579447
2.9127314850871224
5.382904908337618
1.9798712853730909
3.70789139054595
1.070976577290852
2.3926542722758755
2.9536817223449714
4.261535962707917
1.2741265838465283
4.692204866679155
3.1160299063433645
5.274501544082681
3.054430067368335
2.2171906576761984
3.1440145380900666
5.432931938543673
4.331790424830606
2.466582019064974
3.748338456157793
3.2373540796137377
1.3436398169867847
0.6927877817836086
4.356635133797256
1.9114095810678366
7.919297935551316
3.180617261075615
3.4905324098570514
4.316255323156842
2.6802503494710894
3.8157990644563204
2.3541584308291523
0.8530335823873297
2.5967299309622582
3.7091051711964003
1.8398619277819521
6.435894835042647
5.014103876489189
3.644686975137768
2.328697605565077
3.944264142342898
5.403035892404056
2.6402938728067813
7.182381758695214
2.940139248410063
3.188280592752041
4.528235560410963
5.007647496867502
4.1863441580779135
4.9432374410203135
6.8738127312072255
1.1923655453975537
3.3312872412071406
2.2505314889048904
5.789449947885924
3.6147979267590724
8.08617383687081
2.6156493170520503
2.055462272087743
1.645749420476699
1.6018385772421802
1.3636257828832345
1.0041815171044983
4.134770511407483
2.9882491876300143
4.696776629908436
2.572043025292844
4.780167572639142
2.0599437106376604
1.9891794368243456
1.8757336416015042
1.0052067388912669
6.031303157662634
4.022633068743532
3.793135287720636
2.756039097561259
4.404046475427476
2.752986107064828
3.3799752747815464
1.7755228791265436
4.713500395212709
3.860223853164811
9.495971197191444
2.0956719950853047
0.8367346153179896
4.69059717878794
3.56618963108094
4.144438272190407
4.779129860995108
1.5902071679698662
3.4771405400303173
0.7776600637065039
1.5127136893794402
