34.99346380851823
5.009136423707451
23.244352262499348
17.59055241064651
14.070942473181278
31.12979701470327
25.35560397467327
13.403541792011724
45.27794086038247
39.22007199436501
27.23459560514593
7.860872678659767
5.8520198408388975
34.885583563343026
33.41952452165805
36.13424642504338
35.1484569005118
26.635588257271568
31.426724035346304
49.98560922092588
13.078420179028011
12.679066497753814
17.306606766752218
19.22442664488728
24.44800907965796
42.208203233086536
18.22323860841254
49.3596594677756
20.289303239766337
16.658999616971766
17.99220539034674
18.277403949706457
4.080483905289448
12.505625814319849
27.44139581019652
12.400831081595227
22.099560570574877
17.178352818671815
16.960121868039067
12.953529830175075
22.28425953438803
33.166423693629
26.531438563303187
49.41417456103421
14.851593354430307
20.318967515320253
20.987811427810204
24.930091135569118
23.77722930971729
22.00824058097095
18.706661436986156
23.365142412025993
20.970523004988614
27.156722182624435
39.92425205936402
18.5496574099735
35.46084550696371
11.347366369742945
31.24168460203872
30.572033499877126
4.45781311689956
29.54526634754006
12.909063596021674
11.065877569325348
15.492162810083105
35.32948139340806
12.397206755787398
14.661698483471277
10.117007186628117
18.156872463827046
16.014827553578407
18.31639755066222
12.05440130056184
24.799761268535548
11.104435217103843
18.190044429150845
18.078130963296733
12.449230408498769
8.100940122946223
30.72224874213697
22.34392267994138
19.099060484584417
19.593895991117442
17.620322019685446
16.996948819331077
44.31049765548971
23.509562430178164
14.147703213859907
27.52102758687442
25.392553790256365
14.393920002408528
51.936945265297936
18.583758841730212
18.312809665125787
25.830683201746243
13.295618458496943
11.763626327961248
18.816509169972086
38.3537895106767
24.023231264975887
