33.91899824306407
55.99790809039396
44.257160881081
26.426528357530437
36.858436599225314
30.514042727904524
14.020202126993542
34.79125373444587
19.980627235303274
45.825131152463285
49.5245122326285
45.373667847683535
41.805851464405194
34.83415593817355
45.58401974285382
7.745841129439694
38.004770404553845
13.094979480793436
29.87866821404021
70.07024715527561
18.417760291773597
32.29825918825675
32.03443292112179
37.2715477833162
33.29444826002809
26.323476909445887
55.7794660915154
18.459441830105362
47.29523423034332
56.97426335864996
46.39546605960753
51.51440242542277
46.4616396691894
42.13734000908498
56.28772025840995
23.08739155833465
26.605226003882997
93.65307463558526
16.939196759022025
63.769723131605154
40.02068386890563
19.824042384286187
37.19985013419338
25.211014845030803
32.01121373492109
41.902782211868086
28.593358988138107
25.497002390156425
53.66205235172189
15.604200462076898
24.36056225566817
36.70061806714003
28.41125515744275
31.1112404719786
9.791456355191373
47.24478562528239
55.182171370623045
25.074778864955032
10.60758954311467
67.26584546907029
12.27377777670414
39.92384506770372
32.96597852228702
67.40601724647962
33.089583144182505
51.8506027345448
54.39031404136944
54.224541179290675
43.31793890080517
26.371025304905917
60.1833058241382
61.413566810438624
31.74636227056225
42.41622033655517
29.094270946252003
58.30543750129894
21.410323168595713
12.148768935453536
28.24635188631685
45.42542078384093
78.6684536487318
51.93760795326706
18.453634275772583
31.716462727094594
32.37497383080242
30.88455091838714
29.973727075375344
36.95090262977968
28.900828788499425
14.627671198493845
63.25930814189909
30.806271436092036
24.701961181547038
39.91920617124952
37.37690005984537
50.47761097523279
31.240564791290318
55.697541749158276
31.0087741161308
50.75976089221336
