1.109306515350259
4.851384994962653
6.954820031755822
3.97310106505463
4.703331795994303
7.395334200072513
6.471138912279693
5.281040041607663
5.828967761016299
4.445374630455697
8.444026830018585
6.80509105911926
5.181118663122807
5.03944026252696
2.146857798528351
11.625734520054538
1.7078014250136309
7.76208354097305
5.15463013947936
6.636570281200715
14.257245488850991
7.707628210124342
5.767531919721311
11.981208276058698
12.74175602353891
9.213374318800994
14.493288406373821
6.739070008449965
4.870188333366014
3.8872973340735597
4.522554289813902
13.66029004503284
15.902617355877915
2.9492011893389067
10.839974461384196
7.419096939419734
7.777385610316331
5.214610393623881
6.026758416666576
5.374698560582167
6.262231755833502
9.414770538384232
3.2577498390505037
1.1407375491441334
8.693895515736488
19.759351630002005
5.363090995318769
11.412070603038975
8.373713405418862
7.827589667303526
3.7971279239680906
8.759021892288569
6.661377809588473
5.344301736209774
5.154847098568254
10.354964110526188
6.31803406709308
3.5847078264583785
6.385239659817837
7.662574933320453
9.550364013588895
3.575043498845381
18.491032656578387
7.7594984895551695
11.242349311608455
7.296838233603129
5.2705085048287925
3.0857104061528937
3.5685353621667213
4.939339530597062
9.532982715304914
8.074897754990069
7.4475445358821135
7.496014443578925
8.842456219014583
5.985524031994161
8.684123083593459
14.347817472744412
2.6717545611889473
2.373294670449065
7.653677290608519
6.286562467969958
5.835695618755666
4.252298264572441
8.742282934038037
7.677103776307626
13.387010320820103
7.910406762212344
4.715872313783677
7.654982305315961
4.762194604257926
5.409517796835153
13.878473082704888
6.10296055569065
9.660788312265197
2.529129597065643
3.8389381298286853
10.401331501458419
10.790654285990254
4.189155462423347
