0.14492432460236138
0.06634655714841897
0.10495183975449246
0.05586383435921799
0.13444991540257958
0.060368056812363645
0.03471727822683046
0.014393306010984454
0.07341236567937222
0.06361731073279565
0.04740772129996731
0.04195977120625011
0.02517363128686983
0.034513721989129505
0.030892725534002758
0.056340019527901894
0.08052608042859741
0.06570178554762954
0.024294165421490235
0.07719208271389441
0.20112387921438402
0.050390481730873786
0.10238123675688905
0.025564150012322817
0.09644022084036064
0.002270400581929813
0.0025136393393920117
0.14826775785132096
0.04998487452246178
0.014671776153555974
0.0908400571666409
0.07208031500459976
0.3478086642568498
0.034358530090859936
0.04571034880086316
0.2641240654521395
0.12213333385585844
0.04740120735752879
0.053683000875254724
0.1673456302831057
0.06295766407921798
0.013741480580191246
0.12976385305978103
0.052403971255860174
0.11325285258926467
0.042706656994907354
0.009982266846648553
0.0029061767211928727
0.13946442410844806
0.10980859664356801
0.08664710683179624
0.03602928198468175
0.25632046525807356
0.06427032172120493
0.0029166698972956724
0.22348515868999547
0.09521829104679146
0.07353192841822177
0.030499027399344812
0.007388499001046021
0.044408431445978495
0.001068930457130042
0.038545285182317
0.05225332383331105
0.036568970150820855
0.003612805358617843
0.07607060284656887
0.1819568204941111
0.11769122297182041
0.0383294746012472
0.027111647817071514
0.2145363347950984
0.04868643101554926
0.02183384207716914
0.12148340002833352
0.03119287783159222
0.005559435478308623
0.02949770447193894
0.12114772069054254
0.000423495674984913
0.12269472741200656
0.005193290582351157
0.148911172051124
0.10769082093358993
0.037448675267904186
0.05312704699916773
0.1119944688725588
0.15201004608970034
0.061186569659784244
0.05522347194781279
0.31519383153258373
0.04869754818414492
0.0035740278955475454
0.14903639981971964
0.020649950922481307
0.054161842111530446
0.06751759877068603
0.01522896840718583
0.08088868379489257
0.047267577800508234
