0.5282666573244496
0.5957931212877625
0.19631337961891276
0.6438158633137288
0.6383531435654429
0.5564972411585993
0.9626621856748363
0.3385102366734312
0.08221932616825124
0.12389863397670729
0.2739791809551352
0.0751693987316934
0.8502901862479285
0.20322355384424273
0.6107365230783842
0.43774800924507273
0.5521667611210388
1.3822766592147993
0.5830710402165868
0.2890698808212571
0.034249051924557634
0.8547696579632591
0.38262129318876975
0.13013345390793082
0.6851031112496422
0.28952888983035474
0.6021613998907316
0.08182730541214722
0.44685446750164654
0.17718755041931922
1.229802108885503
0.5337449846718305
0.5053360267967117
0.4568915245850611
0.08340615709858717
0.2741866501243269
0.274047237025185
0.6155796277289652
0.23812110279177853
0.12501444645825632
1.1255569011838227
0.917880465630787
0.20517818097523727
0.12376963066840116
0.5937588076875906
0.250661974346852
0.3961758292664221
0.04642131542286711
0.12819297782193903
1.1889573394061992
0.20238392647925188
0.7042912024155245
0.3169800960024111
0.6558997582664227
0.19781637702627014
0.7551048305211142
0.11255092352177927
0.0994324465093492
0.4159802169981221
0.353402111296352
0.09319933340425726
0.03903481277328276
1.1193717539297594
0.5783666233068294
0.9658756798527212
0.47884778895794977
0.37216723196732415
0.15610851110203885
0.98953283193293
0.6575246966522601
1.070700066594216
0.08352652319908192
0.0887206468649839
0.18158931518404553
1.135485225718391
0.26823265038551947
0.2105149851807904
0.3733221664436672
0.08479219091103532
0.2584792977164973
0.3622669749693399
0.4566679359679749
0.679054857156956
0.6052893242440878
0.5550400575920265
0.34900959787751795
0.17462286455749057
1.261955181391495
0.3198248248080569
0.3885920192967664
0.3011921407452879
0.3083854156681649
0.08996329969487268
1.9423214943762752
0.16011647252652544
0.9962638919160218
0.20381395897736337
0.013150799517044792
0.0831387783065232
0.5009389339924172
