23.23729732748571
32.547999349236555
57.85478493656993
33.16776805912923
53.44188510446047
59.25447299963495
27.631290623993724
35.134659949107856
24.623196344878473
47.693988059534256
40.79701430224715
13.267657254309016
28.895841210017366
25.362373601444975
59.67888866239771
30.93897362935606
5.353667851737503
58.52212115776345
48.637456391667016
44.972057361832306
34.58719461068635
32.99029717847711
38.368552647455374
37.44526248917671
35.55760213634409
57.91590889844053
26.595735969046125
61.35349748546902
9.002666666007755
38.16358254012831
30.393439088369924
38.297867562395474
36.77856125314513
32.24091828212856
57.65695844702597
39.011309620940345
27.127222841093882
20.26854095604869
45.00040999924509
20.274435103006805
57.79109414087148
34.80043526371781
24.49306014285635
31.448532839979563
12.013171473592307
40.181699482103156
15.580250721769685
66.1378319952451
51.17745404355195
51.81463983280953
38.15587343572316
46.54171984841178
27.17131215456062
47.30988261212844
33.4400747294121
22.713085619603994
39.9982848996944
44.57933429184061
13.618611080928249
60.702610504717754
38.52115660416131
34.45335788331257
56.93193714046027
67.34693518681209
47.00479618714648
60.34234205304101
29.06351278103137
40.0019461577085
20.3038277269504
26.60974643121871
42.373716361809464
61.84066821576871
38.30098309692524
31.66861530372556
27.702262804001133
38.63456061601614
74.45454032849594
27.7839994410416
16.15774855627849
52.85627309485635
56.44240323737571
17.886743965757145
23.872606321497617
36.78815458747247
43.35601508228205
27.00238625751618
23.4071186623731
37.9920545862406
58.21794387963653
34.015401530953795
46.54812951545357
66.55542259640352
31.10015646257011
35.40720807236575
20.60218922297316
45.15118705449467
24.251389651809014
21.193565162402606
23.392362897715014
35.52367024274313
