25.929144162779902
37.664308915659824
16.33927492272513
55.29188394531219
16.269334535849236
12.206141832628692
36.230006823219995
23.56017443884087
10.798799362476098
24.934434773437935
39.58442208379884
34.143032382869485
32.512277326767894
14.291382201512466
35.17045058062454
26.82134953524278
22.97533171919133
23.49924960337549
22.537000862026716
10.335935207280782
19.987174700891615
19.550948569121346
21.5067722765943
13.537165835138957
30.65599062448531
47.3431861599123
38.64723307591701
17.341001850892233
13.617582924977219
11.340713834302049
14.012869580756227
25.137632938609507
21.50693997865178
15.024935915150243
28.150666988659005
18.81080356370994
23.004766502110773
27.794138021342757
30.007609143423064
11.412894134995545
12.66943310212897
29.738427537161897
68.43498280098746
26.239476905639002
30.82479578290087
28.588459065844127
25.795953016520823
10.412812714057283
36.51160820157435
24.765962216370927
51.84708206827913
20.300080281407887
12.760586901135019
13.223993443230418
27.377868795601408
22.780590265108128
20.4601047680866
21.743977710291706
37.66562989151546
43.470466630978464
13.901285921026634
26.19698721377343
28.037297136290185
21.02715890127454
15.492162810083105
8.951457940419454
24.017564654322026
20.262116974690986
17.99092666712016
12.280367115524424
30.930619822131277
36.27659655248085
23.549624196114394
53.35853511444952
20.158115733792922
21.72677060183785
25.85740265416569
20.851411168143702
26.78692611555873
23.539221004992513
18.554930753789463
16.29796825020293
6.416142247274033
20.288440730440495
20.28252675743829
20.69851379880357
36.84392024083013
14.850080786168448
26.636909557423362
10.483414947172166
20.89310383320374
25.08017654217882
28.63323411179671
18.532199737562628
17.15723617935263
29.312914649789374
17.14750340644869
20.87098546236482
23.84589939872742
29.08113200655017
