97.57250490473818
30.813221951839687
67.48845238283161
53.04964829385383
37.199250716724954
70.69777847686746
42.071200834503024
89.41036387758543
38.3957799642409
36.762277948238015
43.16237177926066
34.35829162667161
23.768753545852547
54.67199061347942
49.93042197545137
68.67344499325672
55.195028710387774
38.114311907225684
58.799777405604885
78.01922772923378
62.57426851785321
34.47919053410887
26.597988175760623
83.8800092053647
31.209556934218355
42.22116558466172
50.39995932873771
56.5229618665437
101.58616143968054
92.25377387718224
65.28747976761923
68.60344105088593
57.83500822654551
57.93151436362596
42.41449702387103
88.75852550392564
59.553656068624605
63.54733262701312
26.29713787666807
66.96361043201603
57.10671959131251
66.11242055809842
34.82792389165719
34.70749497940091
62.11423652125818
23.96713220809337
50.775531827056334
60.92067392895385
38.62099141950025
53.577495089139425
49.56695670594958
30.845538261706434
42.442895304706184
45.38299970456275
72.99660984239233
55.51809168709295
44.52274493159172
31.84529561671452
77.18694594279319
71.32689990696448
73.76353533631381
80.95572512233417
65.41151334215111
54.820452884905094
32.51038338455358
69.70909331249645
29.297094891126424
96.26579485060975
56.35920894511809
70.64280062479449
52.22826180271244
36.850630889287196
31.6587516853183
59.49980230129902
28.18602331464722
71.1806193136558
49.68859055019791
35.023281338282395
33.56409157380961
25.52347533213916
52.41226565586126
29.982132651639308
58.9794593076713
27.051421649919856
31.167470924572484
46.69999013138738
45.676307941882236
69.02362668752944
58.21623756920786
89.5544388709226
41.29501975334965
67.38336144324784
72.98804842626633
24.298168483646286
25.39672807708885
67.16959671098213
17.89287436259559
43.10651476895261
46.806537084458824
58.6870669511423
