0.7368113407008181
4.535924205537054
5.523649263983592
5.146865035557541
2.3392661999359925
2.4944454459220156
1.484400492816382
4.236495047792548
3.9762087510382944
5.484497518514826
3.8017489593699554
5.937492474630297
6.154288434646502
0.7694513962634122
8.164377973620773
3.058240927958797
2.097132275621635
3.5255311593875263
2.732288855021958
3.6415904788854814
2.44465632690275
4.191765352705135
5.15050725401732
3.4697821390459516
6.3326101787528755
3.068345435166354
2.216033686056609
3.0387430824738075
2.1362888175798718
3.476149251611937
2.7439248629821877
6.047269638334206
2.4261265215961307
6.446190136160669
6.452128844674344
7.373846403675198
1.4398782657549203
4.300355899274241
3.557122143150346
3.95460828903633
4.463254805208156
2.596798256984652
2.0530566112669386
5.363467589041685
4.5189065807904765
4.137571798535223
3.769076209888987
4.669373030005196
2.3169936186573517
1.8549438392585882
9.870080306423171
2.7042386444900277
2.942716997458524
6.78496492191999
1.3093200153607756
4.865441141440538
0.6011658146763772
3.4426178460476424
2.1387549998480333
3.4664224701694275
2.023932806918361
1.3642001237179295
2.1446691352647416
2.1307364188616416
4.606491449030713
1.7529005833027034
1.809481935666557
3.3959868202265273
2.6168907484671635
2.976534412089792
1.770789793204229
2.963079034501496
4.1503666928766645
4.790545515755032
0.8793216138944248
4.856565422513156
1.0387544692183497
3.9230752143242036
5.543532198686752
1.3904094654697678
2.2743291900232467
1.2062055235542206
4.763323016707925
3.4302420259728983
3.164736336812533
1.990913818008072
5.750908746253547
0.905391661974959
2.8229501855933767
6.362682028929084
5.31037528959801
3.5981410382256858
6.330742155001811
0.5608774289413785
6.21887842637575
7.596414821643911
1.8054246549278108
1.6541205562635257
1.6013953959600669
6.096890635673556
