10.498457596065185
9.983450998722567
6.908527386636292
11.593557667021122
10.269832105812684
24.184078750202506
8.358125900197582
25.72999326595494
20.66586582536702
8.690956617640877
8.16848489725275
12.120696152751172
15.873954022092544
8.252928051383144
9.853810350768324
6.459554023330877
8.932814303085644
5.279177836456903
20.916213555656178
9.660466326487834
8.092684108506122
12.727868850520162
16.795267347382634
10.912234933927298
15.33066160349874
9.125852296165021
8.38997296889588
8.086222646563142
16.269426035545425
8.241602580850175
6.843503113203818
10.651889650610595
6.565839132409313
16.343653511583497
4.45044639162679
10.963459614147142
10.991294040843064
15.373510275495123
16.492107480929707
23.975201567526653
7.481125827023273
11.104064441827747
10.59197191864236
10.327850053502306
17.002559482990353
12.891280958710235
4.793923659050223
10.08688165430414
14.931223631516996
15.173313382388184
14.858925509511732
14.05990014554423
16.944186166116303
16.420342076968048
7.616540572733867
19.1918966375172
13.900892126005454
17.15776729950423
4.709850799574152
8.075450824286229
22.744567641188745
6.195312630706176
12.337083159252495
14.730844152699612
5.636634509924718
28.66606618760793
8.352677774596405
17.759090825790103
9.780252117632637
14.334105263957717
20.340747329029085
6.2840816659757275
13.811967279199589
21.018176990878715
20.256498423840604
6.356472029407509
14.505878974297035
14.470158970133001
9.002200715796297
12.876911234197188
15.812159296804841
3.697479736638657
16.139721743908957
17.098237871773144
14.116075598115064
3.7818765095198237
10.379006126979487
12.00511019696105
9.400019768192276
9.85543142795829
5.369782761966317
10.82487521147484
21.80759461088709
14.285970956357168
21.60151364694168
21.22814163069851
18.97408156813939
10.623188303034171
16.657139462371642
17.547926374697123
