0.49480143277428945
4.130655889986568
1.6436580770594313
1.5395014749271585
0.12679426768750357
3.9062837086777837
1.1658452804560113
2.5141621994897596
1.5953689659286554
2.2228690519519905
1.3314056633010993
1.7041117205725154
1.2976351539660356
0.9433062586980901
0.6596546745110874
1.292113650027975
0.5177722236335344
1.9233598733073975
1.394309138091236
2.8634391260864245
0.537505741051312
1.7993141401303734
1.7926586049631117
0.1751581053649478
2.545109990905794
3.6951273237428244
0.761000627908925
2.339257512624764
1.4047881785263896
2.4717785189003063
0.476181083682331
0.5811039120490576
1.649294345350393
1.0634451480970886
1.9180129891330835
1.6319163160235834
1.4833502616116214
1.3042769149540447
0.7216273192131449
2.134178753297904
1.9063688989845606
0.6386318643518577
0.9553919616437809
0.9012384317765108
0.5160712709680119
1.7108548788102838
1.5398528662093443
0.7118097392639424
1.6273506411573355
1.5813853936461355
1.8764783157129032
1.6058936882164232
0.5321518889711365
0.586970253727575
0.7553960413797558
1.7774755623808123
3.2399038994207547
0.45232575275129566
1.574685192625272
1.042178918032309
4.6944981012781986
0.3582180836750971
1.2372651035954254
1.325057374973737
0.5540434867634434
1.3576670998729927
1.5750619664188452
1.4845614329200554
1.5964138117176492
1.4223348045564213
2.4158902813798155
1.2292041413288126
2.166121979736823
0.9762547724063813
2.2296074436040643
1.4291841835972938
2.508080309649758
2.4205442695062898
1.770933199829753
2.015594037687655
1.7547758409018872
1.0379312782763968
1.814860967056277
1.4455285461117524
0.9430330621204627
2.560666534580867
1.3907333995892264
0.9737072246472173
1.1919847928196972
0.79981783357872
2.5849392822027313
1.4216231323837638
0.44199134958694486
1.0297057038962365
0.7227428956757345
1.9807014307705397
3.1759781317553815
2.8576243077598145
2.8345189594047078
0.8828014827218145
