61.948375156633986
37.995569352720175
42.83535796067386
42.20531026001461
12.730043173664175
52.458104606449844
39.35702233647728
45.9548252436786
21.193065486683725
16.919039799302702
37.7022337191968
26.092755608849362
24.456090678692096
55.630267319179126
24.994316879623376
63.047177609330596
12.853249281012365
50.08596937142402
47.40465393022164
78.74206782266167
40.05926846864726
30.374266736851673
40.961281284840496
22.257452503647954
38.97354045338044
45.908407750427266
20.25573288708887
33.267603838934065
30.46638842484687
35.15413424501797
35.09478631111325
69.39099679821098
49.18562519600157
50.67818576797998
49.97655548455704
23.851700568043544
48.844682518350574
58.043493505429275
42.628554630758735
49.35307264815278
42.86180427881799
46.46132288103807
53.49648230837344
21.75097796515177
39.77390861298021
31.124101956229875
55.92131520513199
61.28407418967444
59.38501289914047
30.4517312511481
38.68471033367414
22.91405075911589
38.85801137661143
56.48627318420072
66.78690599337864
52.4671050323016
39.11658397791677
45.12166626359008
52.66188389324229
80.65160257818297
40.3273361289317
51.410137847880065
41.67012663419134
38.91336875910414
31.064799539926145
45.61455538427775
7.3491496666649185
28.031715052767407
47.02134799100751
86.18994676572215
43.59727415540868
15.427161747219987
60.283270049697535
52.482580332650684
54.499920448351894
44.13016413087917
52.80971498206299
64.85834807200982
45.89943064367685
28.29152204877161
37.555410987270484
43.82827104013654
74.5703825370393
50.34046471258495
56.02714284211412
35.56445495254414
64.02514417376192
34.061322009498866
84.45529557176474
27.82523661274353
35.85066521564284
45.31009469645771
34.07475770830308
59.55668040990064
88.16651926616194
29.65762759967876
48.091188238131856
45.73960726491886
64.0598882361882
52.57105911650301
