23.567883876852903
14.386595968389779
30.540627102467283
7.221144792058666
27.609646075982944
22.116320573236656
12.86486292423334
13.719724543996957
19.30667640204415
17.031486640638377
25.820662756583474
8.209342631517515
18.9126246768162
14.137663761742296
19.095524866855296
7.030982449598736
16.318702307835455
8.939981617211854
13.923890225213077
19.864506403576126
20.873937298263936
26.65059686216209
27.8660184585378
28.37266812787366
16.00018037312807
6.892407666464266
23.84405966247593
19.38965662849146
19.765041180964438
17.08977013512856
5.555989423630594
30.933107846351714
11.983750634307931
10.241908511439302
11.062382393905953
19.171994765571686
10.13318346570991
9.823986933223363
19.859433690256164
15.679121514916536
16.605152608193627
20.98313780900385
20.51306505435856
33.89087127443105
23.187563863767384
7.972724089719035
22.6672758972363
33.46655605489126
17.588568833679012
23.88689965144813
10.50209221866078
16.018124886979624
13.552678425433285
10.294963242449693
38.077590053801735
5.958926073424983
9.85473321772835
13.76833412740641
5.485436210350022
18.207599882836966
23.46311437762376
10.801102351722546
6.964560928186563
12.290667381402022
21.60867553441497
14.835498880581541
21.8620250374082
27.891959293852018
35.192887949421284
17.03011845914798
17.587333971425245
10.935698140323442
12.419610350547627
12.32432053404129
16.856008767052355
9.888504910665533
21.41208577863691
16.29053125666044
27.270382750766565
25.314067796808395
17.97389829434679
15.408092432915772
15.549082842898109
21.147059828706546
19.062970321176383
15.40132285184601
6.7645845885070965
17.121832975101075
19.749537511732182
18.85720689759333
20.00753129043015
40.766575528363376
16.365739517980685
24.533740672684477
15.30713078179287
17.039126307008367
18.06095372602445
12.687190706373464
43.07039236487441
5.212475422161561
