26.52316456179421
35.24198338896305
20.64095807147646
31.303445791646087
22.9354601282365
22.283938164279174
22.10044266851794
59.14315755017836
31.73461397649523
21.903478436060645
65.55546828958623
44.33603843143934
54.58205897049679
20.672126191050737
45.97483257082404
36.134423328525905
29.86951733050828
33.89370323261579
15.394202630961082
61.947054889284175
23.15125321575284
17.91407251012284
34.98940534984426
51.839948921886815
22.219893920194288
23.191868893775847
29.550842199145293
17.72236965717401
20.62926165902728
35.79697582804829
4.2936514065392375
49.48967755259474
15.67710769389219
27.257363064412864
50.05738584008079
36.48435972020786
37.39134984560571
41.08737616328408
13.58905767826706
19.78854656640714
25.031173365423715
14.320421329473012
9.438251700271065
34.4804145511595
37.99590225681412
28.565062343947563
17.64162032880893
46.23752893690099
30.05622853234209
25.116864237739186
4.564721949414652
21.48412706622882
40.48578658223225
19.74166615139051
13.574349490802573
43.36884157783149
32.6490909409369
28.23431827663182
33.98596300149938
25.25494037578802
36.011200249552395
27.20303679475404
12.028551158173022
18.82911712963905
43.67961931075194
23.102667812673936
9.15471583645637
23.396553604544263
27.49305111252491
28.80986038569039
35.056557941090034
36.251484282029864
24.64965258466643
15.32841874607938
6.957086436143325
10.001945515496365
41.175390907799546
8.99743226362468
23.61237153154351
6.352767124458879
25.70860100250647
22.75092262109155
33.98164269234414
36.86291788119504
23.298049652712166
22.68523364521387
15.462880688271667
24.97737575428215
19.293837601007816
40.90014820759872
9.680327849263904
25.598119078135085
37.933521910495855
17.469382908300783
21.237265285615635
39.2707940390337
35.0143243149122
62.72776820345533
45.88571404757443
19.617333637435365
