1.1130491854138944
1.8947229005181057
1.2503737943753286
2.0089952695919977
0.6436683306187949
3.252546214678739
2.054642027872683
2.6160342949547286
1.7306826306759553
2.7190991731196563
1.3198579657911815
1.5377155097479451
1.8308082265444958
3.216439961260679
0.7138492707815397
0.9405722063235105
1.305321689611823
0.521022394628817
2.761979280647575
0.5208743835876324
4.522457390149253
1.207222145459141
0.6970270975705377
0.8803580469043707
0.5057360126307648
2.4776118943975955
0.7571477076882724
1.730956849651046
4.718364540225246
3.174255828234797
2.5891537848333193
1.6171553631675695
1.5999609166974902
1.5015176127443488
0.2904060211311511
4.107961672028227
5.102138557961746
2.2123393587704836
1.3471945795472438
0.698564101728803
2.116802037259634
2.3111678080952314
0.8180416534857579
2.8474445466843537
2.9975758973206843
1.7598608414275114
1.6922481973264432
0.875197906316498
0.47724171073383914
1.0560066829154562
1.5676288404215757
0.9036982808491811
2.044354173965688
2.37952122720015
0.5571357304827944
1.0585515054433619
2.8249241436173933
1.6301861138471765
2.8897649570009234
2.868296615096276
1.2572352449557156
1.1351307567474076
1.2771710195430204
0.7612920680300446
2.1345134081206316
0.41448870692783446
2.8556211730487213
1.7261320650603176
0.37071521829499915
3.9532834806876775
2.540674510520956
2.3810745387147527
0.2689632250124112
1.969369855287304
0.8075838339334669
0.9950805825653092
0.8995328102639581
1.4743220188238584
0.5063698775049591
0.4183408616213152
0.9566278984547234
0.5646220181181335
0.9808770804798681
0.911685294813955
3.258102867398866
2.5754637907469777
1.7296960134640322
1.4060220809927675
1.767877624182453
1.1698076419800763
1.483430083635719
1.808858605176815
2.5662317276247566
2.806356730831971
0.7730172653998244
1.1347688304588617
0.6214328469976795
0.14527106057476996
1.408870360048585
1.1138767112645698
