3.1208181417580265
7.640921346542656
4.071287942642883
5.420741496600813
6.075229525151123
1.7951637161949638
1.9749525207703655
6.966939854057383
7.145825570693494
13.11097861685024
0.7189467601241962
6.588085763927541
7.5977205426256065
8.318278350945318
1.6284111594754063
2.8172122352882463
2.3716612863556716
1.9139574514392832
5.936149840262308
8.527852092393422
1.2889105672032162
6.370324916636606
1.5616175151384064
1.4243479512281103
2.5854873424044147
3.218122721805097
3.5189337505329346
7.215941305023584
1.8676961282473865
2.3710856635822677
8.171440507319522
4.000979730095943
2.4727102819103326
2.840000071967663
1.2334473252707057
7.242423060500892
8.673505091308199
5.856252725364655
3.9683095451333523
5.746487760256952
6.835433040990909
5.907585811283755
1.4787139288131173
1.7494295793355672
1.9925852199435619
3.095630719612764
3.6340632498988317
3.435597948775247
1.8980018384483652
3.581728465095578
0.6965456647939079
5.552247820853794
5.205044312732108
10.085559645274438
1.4662431991768783
5.797021449427091
2.065679915175044
4.056103172061591
7.80127689098664
8.860723435393972
1.7874880576691934
7.0459625852855305
7.958569088641178
5.335393145119616
2.6893597796183712
3.413847687473551
5.769689637734551
4.337958959300265
2.485548280657356
3.2566986794985446
0.8333513541073355
2.3885689831172447
3.99744163691818
8.031488440576151
1.6778708522926142
2.917713333991607
1.4055299672169588
2.6004991683100553
5.957303515893795
5.321795362653782
11.371145881705033
8.652721159060542
1.9397111149100272
3.776908727465839
4.775841940248739
5.656257360033807
4.730135100501709
5.626901862629506
7.785558194802911
5.348481973756823
2.609979225191146
1.8911815367984457
5.545991674954628
6.746302506360765
5.660768906488695
4.248916814997715
3.6491313389134814
4.06355405992789
4.258636797768862
1.0980915934958224
