11.225158959663021
9.636039269032441
12.494403364922107
12.224768306426096
15.71555680074146
6.3308656633742135
11.872788939331562
12.580185057198676
14.327707080248148
8.974500175415
12.516926866848216
6.3007050035350645
10.670485207197354
21.359558738417334
9.630512499966741
9.64435323611613
10.631197316384196
9.911417496139302
16.315642911605003
13.795422988037313
9.549701177226362
5.5622345470706795
7.967992018232455
17.782686470710914
5.665968292843422
14.248726727274585
11.703015271358334
12.941950466907427
11.114317395367603
15.909489970225058
9.93703537474907
5.9084155380135215
10.942375336627187
10.18291992350199
18.9785921997685
3.4247084109191066
11.824872896328277
6.587110185665935
7.282436463590749
13.233703619879588
10.847307880237329
11.722170613029547
9.9285008646354
2.98893518811498
5.091271327712011
18.310547730431704
7.296689230632845
8.654759093650881
8.066236603298488
8.071319842135726
14.392329541832698
13.42032561340602
7.255506803114446
3.6427506279282484
6.685993550548217
13.034945313241755
7.623331010546599
2.1733323783305702
8.604082126897108
11.271112633626469
7.735121930812697
12.891723263412914
18.07360591910568
5.380702346566755
13.6131397037608
8.806364897254845
15.793729966564651
7.101653000629305
9.859449334302171
12.957123154508416
6.485770348993754
7.257314405167975
10.405803269944276
12.405481695061335
12.997663937030431
10.455534234568017
7.327290805976851
5.047567959389524
11.607102192532489
7.403974604246117
7.130703114835047
13.05360613134597
10.796343361424913
10.913635540328052
13.338141017025578
11.83988579209035
6.488563594314437
11.288889814564092
7.430865911963984
9.776974377205523
8.885435277976253
5.203384418504234
13.069735703681955
7.4783396706549965
6.034890641372275
8.79401550059006
5.813636560032596
11.373078183260246
7.857388436488103
8.282275105906745
