0.24263091187511818
1.1566331145386786
0.7817511975043656
0.32671153969932104
0.00917678351797074
1.9698265698284625
1.4595730548742007
0.35571056477809515
0.48973233683166517
0.6464172337052352
0.18065013511105413
0.07681899399572517
0.5624692597462724
0.2982117276677016
0.04681278240876534
0.46248399596857287
1.1988095981020388
0.16624380879444756
0.537572995306713
0.7749265932531102
0.7587242700061378
0.4023612523166522
0.891501697433845
0.4718925032218341
0.7208843691178192
0.559222283457526
0.9343472581250722
1.159296587140407
0.17168729714878445
0.6137234911869525
0.23378421917349576
0.7262951000854232
0.33259362949132915
0.42286765539854576
0.8676606859230797
0.22471750666368662
0.5969450073160055
0.03350520517881916
0.17307971412520468
0.6202305993316316
0.5191857800342393
0.3497547824213497
0.23671425786949643
0.5944672677658919
0.7075908302341769
0.3541187804512377
0.08379716613123106
0.5860469608345041
0.41535824021366297
0.5228088108655682
0.48622531318171963
0.29990219562798515
0.031215933263151967
0.21383765284475792
0.7262341212960294
0.27076800124968836
0.08850447031498328
0.22292472284046605
0.2680879504734077
0.4696676116205928
0.05051890599493373
0.01763462596574051
0.24505133117436984
0.35383929950688114
0.6460677921025179
0.22596954437188133
0.3581469034122642
0.4269038870905529
0.7284082926277976
0.6476769136474396
0.06353929220884173
0.39007469314390464
0.47541920287926537
0.07295518913301273
0.278544187439294
0.3154679768599158
0.7248167865785136
0.4408400791191893
1.1202920065535908
0.16798524945675058
0.9318780140692591
0.27403243653483245
0.41629740105784613
0.18961414735949736
0.5276299566157443
1.0038256381346367
0.26069479611034796
0.05449457567253459
0.21255240464132877
0.5866908658851604
0.7645712594079364
0.3341302781132171
0.34566337490968124
0.06297059833019239
0.44558711079135743
0.009612937392323025
0.2655141350281529
0.41878794976109657
0.4410865255094162
0.04600913920314637
