61.59447247429264
49.72484968088982
81.90211964089802
51.09338755781719
99.48427296699998
54.60856086841102
79.70777049904909
70.00515818229367
70.1751540184627
48.939012383512285
52.25001080112522
43.549350069447755
36.70648914842302
75.22849014379563
49.93042197545137
95.58218316735285
35.720022417773905
67.4228684476128
77.60009090071196
79.49161121637474
48.817435053675965
25.88161227924739
58.27147559925702
64.54882085602803
59.4666843637822
56.56153556983306
30.399782270745956
50.23795788199718
86.6556424684027
97.24862494138239
69.1270084750754
42.30767250137245
42.256657029020886
54.66143835896502
20.99848006508782
58.272425313131855
67.1453168827599
24.470540447132674
36.80412455036453
70.81191510467909
90.82953569784473
40.93617071291563
57.924356623059026
74.33319241357587
69.59280796672148
67.89383214433526
65.58975232756035
79.60465818579416
52.90733684576946
66.0267618574786
68.09004614497407
53.676739849199656
44.145656150678434
74.72584650523297
87.84845748816835
49.57892744245114
78.03267856129128
35.351113818555866
49.74996782870496
51.584848129200715
57.56615247967318
66.63539320121204
90.53871148103956
52.86972428432347
74.30047162556355
79.63708814450806
61.07996043821608
64.67982762755122
39.315902728779555
33.290592207379575
115.68072973552438
47.743321800016204
81.89637299428102
56.573181116917574
36.28521232846918
22.995171056603393
67.708936320314
56.217785737997694
29.30957209854965
64.71088186764231
61.91241310977789
50.09996179880356
54.84521886561521
57.49706106693129
81.74134614562936
34.30457821656137
68.49470029224595
63.87494402072946
56.51091526493174
87.29783598382929
72.2293847545987
43.12705307858409
86.27061730907627
49.30381551290592
88.1611446116611
50.66952640853199
49.624151103714944
103.86495600193751
60.41228532892893
33.366792180905094
