0.06364314837816896
0.2785836394025195
0.13370642008623929
0.011784928547414584
0.08683911628463864
0.1558383517946863
0.012315283462024712
0.06871053603995748
0.24691918588116918
0.08719141451238001
0.011355818948426662
0.014702236358124338
0.0301048913320371
0.12797198088827297
0.035621076848707876
0.0035313878935271216
0.12066501574172071
0.03818614499190144
0.12345468148130224
0.06659619926630754
0.043894722747289595
0.09265385346129959
0.014843887148434707
0.17199385009982
0.059363098505839554
0.08082749144847515
0.04221258246401339
0.37878868052299974
0.03003619042723885
0.0411336202373008
0.03352274465706574
0.3338825332124349
0.01583626006964441
0.012434991681108832
0.060293380386499076
0.04386360545229124
0.06259423610068382
0.05116496368370557
0.016524603310573576
0.15939915097113913
0.1206306208913344
0.017317704010277265
0.08199495199417828
0.11451334135995725
0.00447012543579378
0.007040650677470389
0.019575924955874378
0.035849200465189454
0.04549897088450129
0.08250450802065501
0.13463834264596902
0.09458923124494414
0.0456045392496961
0.28073497472354825
0.12994018552008044
0.0011012893446085811
0.011537094188090041
0.05041008569844235
0.014580617709203275
0.11031236167837494
0.11351508099887055
0.03766671113409462
0.014833232526014062
0.000993331856233133
0.09375737550426674
0.05165574180119231
0.02272360825026802
0.008960246561711615
0.08007288985325473
0.23893056611358507
0.01769533225040784
0.007085785851232861
0.08564177016077087
0.013903160577575376
0.3573567733472074
0.03579689731035861
0.04908474843684878
0.060255175588761666
0.18912787605060732
0.1017034733969553
0.10439148004622098
0.36183546585069687
0.07777943706338522
0.08534978741345497
0.002850144367728409
0.1577413954607747
0.008487125973683653
0.318459190712893
0.0037417789101341177
0.0791502393446053
0.1423401510281857
0.007140966817764117
0.157825728490817
0.11540482790535553
0.023043198668296724
0.056928261011615265
0.10433007518711028
0.06192820312491785
0.04091624795668467
0.01544690831720307
