0.09559096736492485
0.002671712876802637
0.15753396921967297
0.3425808808103753
0.01764561653632832
0.007281931750875137
0.03471727822683046
0.15057918527676245
0.02755804066750546
0.15307464962059228
0.1620279619106635
0.1084558858255465
0.07932058241506545
0.039493294120643285
0.374209108051011
0.009498656671135223
0.06252108639951034
0.27644162344135104
0.2940452232419917
0.17860238368660725
0.026624886861026563
0.2967600287545068
0.05155074191725942
0.2502594633273397
0.02874043668597105
0.011669511879408448
0.3569022737459988
0.05411924411604235
0.08906552236088758
0.021712827792644804
0.003626385372846805
0.03468204631499581
0.209512592723828
0.018006450439143947
0.12772184387879315
0.0012858216536977165
0.0807879553861465
0.1142553964979111
0.16076474139702585
0.019182964909877136
0.0791737571757735
0.013851470816978292
0.0694163646778684
0.10433179564147502
0.22942643050322023
0.32468534112429615
0.035497678089543655
0.016632280103386687
0.10320993232336904
0.02067724873733458
0.032106486355828905
0.020834273601473798
0.15894988343120423
0.6531974544293027
0.0852128739960913
0.18069417214229175
0.2779792577982099
0.5070347235727193
0.05432716398207905
0.10691340553824169
0.18600137006653022
0.11801312785041884
0.06343903103707713
0.000993331856233133
0.029023190164373904
0.027753214980733208
0.32982281173541717
0.09455298706636649
0.031459327214193325
0.23893056611358507
0.10536098445454081
0.00028468135303660316
0.05340934316783147
0.1287713020299417
0.0067072681778455046
0.04579381633893132
0.052370130626642565
0.5260534006526493
0.0008484627590757838
0.006171554615170879
0.0035644734546869563
0.48040522565754
0.08113134749898404
0.2570054911615904
0.007141760559650401
0.024994761901712046
0.04384822232220596
0.01779026134079343
0.03929646687439566
0.13660097247986927
0.03497677829124311
0.08800371338647513
0.19752818473672093
0.047076525070223335
0.1274563061520806
0.20555933944133437
0.04428710508378296
0.2519831147938135
0.10316849243542416
0.057560051918333605
