31.317116321060443
47.9601438723338
88.8008566834084
89.20635698557115
45.784983282089584
85.85222104760756
45.736927416081414
57.45104707278266
48.69217865420507
103.30599769793548
35.03211925323143
73.52664234753769
40.839551715343326
121.02330918909315
95.36232223887484
102.20234829214309
57.671265469217936
109.49249226354513
26.153527650223438
71.15494554104161
61.88124897519562
119.63663810467122
62.89259811915902
86.128192423416
36.01101246638846
68.11398622664915
47.53008231490636
48.4878151791891
23.047604257627615
98.95325994032528
50.061358901301254
52.478679969561
45.97456983794516
86.8957026210952
65.76175727147447
69.57229545011066
85.77367165407323
55.22876376489062
23.859145446943288
48.64654268639223
107.05034634926005
67.53126452412367
48.94196604074473
58.38286922215586
77.67570021392879
53.25072312096964
61.37439882328275
38.51370126876517
78.68743834204925
44.91358833405939
61.2385403725858
46.942406237034845
59.32030916693317
136.9078511996248
75.56695411637803
66.53050077719773
75.91934481947318
98.31775542413786
50.37826718377706
27.060999583787844
90.42870799547855
69.84870646288098
77.49479757767863
50.140378457158555
81.15123492609804
94.87434053378071
59.79513266619146
69.39241666824111
23.343015542257643
56.641425473571246
42.78932934479313
51.49610699987947
40.368928078648686
44.38219688994849
52.258410293525394
62.03063776639239
36.53557785717709
76.76191382162659
63.567293351224585
58.74925341589315
63.80134408022083
66.1135590365057
77.24590933518365
73.22339783637614
80.20204056524167
60.40272822354297
63.59841627197933
53.93040744966
72.87331652500836
58.16748267870829
53.44220089061789
95.2609580155784
81.00570336022474
68.82166809759985
93.60354596972668
72.9919373701478
77.27053190975337
89.58112072634646
65.57419465757978
67.51099381390672
