0.3485739174862448
1.181720760353844
0.29168924799580875
1.122777228183001
1.5341283030593953
0.9314080815639246
0.12457442930071944
0.8236140718877647
0.31917962181026216
0.14824806115424483
0.2536362146535069
0.6764218099368815
0.9867520950316877
1.1783444115191124
0.012769623177862106
0.4532294072925662
0.06344446954581223
0.7305929107154719
0.4748743246858829
0.738256774971774
0.1019744559632056
1.242168776412282
0.46870351102221885
1.318901591637232
0.2939799859598552
0.5805923872511727
0.658037912474451
0.2851728779093247
0.3135682621188435
1.8870887862401093
0.4504585177335713
0.6093433807217
0.4327311992594455
0.8464368751667432
0.2536582384356982
0.2687488628740597
0.22125504312084554
1.1156916776520236
0.03444851143815579
1.1753557729629447
0.13242155870194566
0.6733731823237936
1.1252407778830165
0.29856759007598
0.40802071475847296
0.41516588848160263
0.8568589571283428
0.43281392579705563
0.33083878132067823
0.3693512113399513
0.5087350822273272
0.8226523237950887
0.41686078237953317
0.4347969196739927
1.0307918793727573
0.4218934149021389
0.2526347290970663
1.248752218631285
0.27525662686634167
0.08177824618763677
0.05566754419664746
0.2991243488785909
0.42607215237857576
0.673811456866214
0.2870500307702344
1.0647630330974596
0.07180683745303318
0.5220969904570999
1.0843575163253887
0.40325938894908037
0.7112191803614386
0.17348797324582554
0.040886572958221234
0.5659644282859664
0.38895924370031787
0.3715963091143244
0.21315450768965538
0.455430597445304
0.24415248877621779
0.42431550454929456
0.9071734712265026
0.14308405240048344
0.747288796488838
0.7859811609367381
0.1001795799411393
1.0872624830129867
1.0696603500007298
0.7598043522219059
0.2171829001044595
0.8637432909431144
0.12286017847923353
0.8419862717634541
2.5268253885588505
0.41083458589124766
1.7786004132573723
0.2591522700228224
0.0676087942903781
0.42620176058978315
0.3557717749916387
0.6861665349633327
