55.26104430833308
64.03065557470912
52.12002177641691
50.538234622132286
42.42858111514601
22.832579155108167
56.0319123392533
64.92954483867933
39.33419336349726
45.66169985107846
55.5276549917952
38.464337873703776
27.17173300158091
50.201773721401096
27.01241985417014
55.559189095051366
14.651870252543294
63.49192538832604
52.321383069197424
42.330579503310986
78.55151485457492
29.432878170995863
36.559038230086664
22.502461155783184
65.38289078238296
47.17096799944495
64.42383933667503
71.61640488238186
34.782432663168784
67.0722988893815
65.48593265845433
51.45799966957756
56.93444718023376
37.7860497083233
44.736367627689226
78.06866423092049
78.35288251286394
37.70128518319751
59.73568648263385
72.43655860478914
57.98452699517212
35.07601621441912
43.598050134480026
28.190717942139408
61.04000075129202
89.99959927046089
63.19300749930199
41.4617611768599
69.81770473659637
73.59133941450622
9.130146438383706
24.28548602422619
51.002291340914304
57.6999282206441
40.906353573697864
30.008960333887828
36.42180112682295
40.036328396922755
63.61833487040258
94.20236969770808
54.79821826757913
52.33869774740531
99.36384640738201
46.84416584067364
38.9415988670582
58.7982946366908
8.844329271471368
42.93622673110392
41.497460767255525
76.40653468982235
20.236563735224486
52.52824660310894
52.59461734201537
26.904359303615813
55.05997812276825
43.96197958941619
48.67566257048972
35.63446178268013
72.37241547357945
24.572440699442396
54.68904216169637
23.040148229984137
72.36422762906652
42.812417895680724
47.85225424869763
53.25222904871174
25.038478281972502
63.64540410293179
48.61354643357924
46.51219458896842
56.08943335545904
27.829439586312265
45.12027101474279
51.17296542989926
95.95976294299415
41.330098565425175
37.51113840473511
34.39593233443735
31.467363511698355
50.355630069238664
