2.918668037246693
5.17436640471586
2.646490287177672
1.857101509889554
8.485069315363411
5.838808912185719
2.6851519000495077
6.759759559564219
3.843419717117387
2.7143833990967092
9.664384947848005
3.7342657373629593
5.748256358345998
3.152678643122643
10.099619685060988
2.2778568951244895
9.054234237543422
5.444919587733281
5.9637101387936795
6.334666154633328
6.4951420324882765
7.95600851802278
2.9012180295776515
5.554335354847785
3.048598645125408
8.601111977631323
3.2678034170933437
11.928874576507196
1.7430362006418798
2.378099343307214
1.371366522595621
4.7830072845753175
3.5292464989753918
3.6950347509422143
7.095978895942703
1.7167223476847873
5.128194325283175
3.2683490234353587
5.20722637724046
3.299160726749724
9.011747731439925
2.0595085231152694
3.4949261839078085
0.911097792713562
4.862524595645095
5.313999645750847
2.4064594714285996
7.947874291688024
2.740414247095125
4.149882100202082
1.9605282759666345
2.696155408475968
3.797376817353877
5.913318741788826
5.622190582045413
3.2026298605443366
4.504008647617738
6.99397766451349
7.16631069558418
4.28570724262022
7.925948079888581
2.721640751698318
8.6473473482595
4.801646189758372
7.821979552590983
14.133019265131265
2.447088955570431
3.629144305866924
3.131122406071969
4.256757257915752
4.912816402835071
2.087995161348674
2.1635638600101994
2.939577328599994
3.8731585936871795
8.62286104775066
8.45500577518316
5.628726207776235
6.272896583528503
1.8102976174631142
7.812020501268382
4.1746655773932515
9.11850907757322
2.7061501359404017
5.347490762166336
3.4597198531784423
6.699756846268584
8.252550507780596
4.551797030431911
0.3006294185048929
8.235327339211462
1.066614068850495
2.896413624466972
5.043180472469702
5.060262198140549
4.4923975076257445
7.466707125421816
6.985538126082318
5.604922559436536
1.755625333242765
