1.522288013481341
0.3193893824867544
2.588529472341103
2.0601312459311605
0.5532766102722116
4.993467673909931
4.27985310003127
0.862461456757708
5.137030885894297
2.1982202234268007
1.6218459114423496
0.758584378830685
2.9135934574042497
1.9819249520173179
0.9391206549741771
1.139566317398498
1.7208165836192364
3.594466846617889
1.7556096278371622
1.6122834879221553
3.4508334873499837
2.1258973241428736
1.332391974681392
0.9175413495828736
0.6038294660865606
4.871724530943966
1.9885254180390286
2.296542377766604
1.9657177421667418
3.069556116538915
2.9272845660836238
1.5191800506640227
1.4761352339156968
1.5775767350450436
2.8157592798160653
1.2788447621508898
0.6869403886808609
2.5796312819460634
2.262568211829216
1.7739702472337735
1.8039831074494002
0.40128333291624474
2.363736785550164
2.2851682566074554
1.0744176285182532
3.593054430153474
1.0650760135509363
2.0806104396519607
0.9517756034719556
2.580915820769534
0.692153100742933
2.1224087008112127
6.003885833656328
1.5269380986970758
2.522421407994889
0.10946572277713722
0.7209085961178219
1.0674550657990614
2.1358083544729065
2.2141221022385857
1.709431834672312
0.9588837386622474
1.8311221792344832
1.0956150679086631
0.6919696513099969
1.77851021790415
1.225675250506526
1.1143752038177248
1.7713590455916939
4.464421303127404
0.497350267501407
2.046280344711168
1.1170958578218897
1.2717238430849866
3.4523751764997015
3.42483521868598
4.175036649516451
1.9288746012827236
1.9455685709076587
2.4585491622153466
2.1372978224162718
1.3294900903451665
2.204102644990387
0.9978643408032162
1.5576433727651764
0.8571802160421167
0.5874234400569212
1.4511324063174462
3.671363332940901
2.0487584064202355
0.41732260823201506
2.2339486077156927
2.5742527575298983
1.8579901940235488
1.0464797422109702
2.5523965598871357
2.17502346814367
0.9456941850721315
1.5568319815440077
3.081603105014669
