42.23359255125306
11.647001443086891
23.852351380120346
21.086013147564334
29.50204392965475
21.268647556262856
35.59444817226278
24.1617415763955
31.383314753772815
29.7487521376996
49.93433430867122
21.004605312977848
36.32352587774753
20.692066554000707
21.73102650223807
53.50278006002745
9.754661206538302
17.19952220300644
15.878109128844631
40.29421871358311
22.969741478796983
43.71733998657526
38.0403190623213
61.57514727469173
25.19698514481525
22.89745823660923
13.317344739427446
26.403929428510715
20.285497537857744
44.63417115041866
35.876441545249534
28.26868937257458
29.614148624730756
25.040376885198274
28.39848731237346
49.91128734382864
26.681410938867003
55.57707054180097
29.932919793194017
19.219680403714367
76.87407589382228
34.24895902513156
25.464677207581307
31.96568322814407
40.14268282230718
30.737555714082585
18.354128118002734
19.920642112411276
40.30105862926168
39.35432813336309
37.9618842954814
24.25797063381806
16.31542430176255
32.88799131236631
70.09116710515168
43.805435090506506
63.08513517496437
26.46079163342741
5.551400097987551
23.718284728723003
45.9518140889154
18.465115537446813
69.2044208891376
24.621084493022206
8.619999196665107
30.323272899604945
41.905924408601464
27.05211981823695
21.25843050203356
44.31890615900261
22.96012336416504
29.20336339414538
26.436689459220702
32.6935055786163
48.159761338249965
22.390224804024704
23.97334342643115
38.90197088724454
48.50292767275082
33.54590197930881
26.317130637853495
48.26400048546322
52.53284010709491
29.769013226733094
24.979769514341758
62.55284894415876
48.652651475793164
34.64457636877485
49.307303663433345
14.195207447731438
50.38607822498021
24.645025510515136
23.007088229528623
16.7159552714703
21.52134964525384
20.248971585924306
43.41821514606649
27.842201243630278
26.653684253194974
22.281932509815043
