15.764790647597005
9.629438682874422
4.293160237538903
4.378687382207668
12.907092665391403
3.7993915678418997
2.592399583751641
5.493203966920829
15.20617120861959
9.027387417391566
6.0875009578749
6.462196696870716
11.170376934952731
10.60364898321875
9.568296410179105
7.513044279298771
9.705240929390827
6.118767253489246
13.289639892333614
12.266098372764876
7.588151110738642
10.4042908488703
15.083824146182904
10.746405568634911
3.97194111089676
19.091550593894
6.846738783805493
8.447783474340767
23.318676977044504
3.2991104857753863
14.764128428341785
4.717244074064946
9.621537573805552
8.652909556755878
10.38767075063636
3.5783387195789556
6.361331330201526
10.52063318387682
8.187547080263236
1.5649041804178279
14.038080880835793
6.0232499650391285
8.950608194864682
18.82366037410573
13.695332842150675
5.04649088054312
8.865601464943007
9.339116943593643
9.907697790281746
11.871049504267301
12.842330987493723
13.761664786801019
15.615779690232372
7.38927436431039
5.370592045536714
15.602155183080766
5.338096346296323
17.057400595118068
5.62021048922412
8.808596235141023
9.00485651550195
6.203085135620189
3.6594252756796326
4.945875755408189
4.14479940384506
34.4393742093498
16.14239618315577
9.340960771480464
7.251330045784916
10.878382444558692
6.447043415475532
11.418013049774864
19.457815227444325
23.33169505289776
11.190748551567697
13.306705306135504
10.421976726067102
9.759206821355905
8.114124316429638
3.980016841924229
9.34315104390341
4.413166413578342
4.9413133377386576
16.187780581419762
10.835965776863492
7.822260077263996
6.352583211269583
9.969561512753241
14.393228679116625
5.021441891038635
9.58434876790919
8.397607474348227
17.20966876655913
10.181866886234374
9.556239363079833
13.024946037808128
14.955494949998501
17.010721640983288
16.39215760150248
3.945400099254538
