24.646852907371013
14.110223319743234
47.665340759207616
22.12369208153931
39.61868246769312
13.615098684952846
25.155472851677143
21.236967019915973
31.886556126142086
18.03326675302419
21.00659306449761
4.9864482203792075
15.336437229549043
6.820330678902794
16.879344253692523
17.286949222163962
20.49188868560453
44.81385055853322
27.232498813984336
9.074670384936743
19.449695965334666
29.06710776145825
6.262061608919998
21.388164366434943
10.573804364123715
10.124948957692371
15.176660963305226
28.22612868916926
21.682339665225612
7.289928923131423
25.425387089859317
19.93753825061334
10.123820109222576
14.417143715899705
25.91280495374855
20.797086424652548
34.775007958083485
24.615003392475423
14.883901337038216
9.977543073859358
6.643187271508252
37.122652733717565
13.191937889271589
11.819633204074764
9.558749392881893
12.635522441549014
17.34363091039343
11.932428582287047
20.31237923847263
19.943943902390647
21.993002985253657
12.439420383992397
34.58212162130802
18.034600709545504
6.9066760496584765
15.76015769286804
9.35133369845855
21.23197785223962
12.210228952844718
16.456220942022615
22.53754859205616
40.341135409042394
24.00329437978692
15.204368811720745
21.542240633503628
28.093641881554394
9.669709666793949
23.698751046153994
16.47281400531334
22.298378803747184
20.111222382564
11.320566847063715
13.16204385266673
20.060191553074983
13.505352107187027
34.21735242858377
25.13521001264663
18.645552771542445
10.949757859491017
10.939678223086709
23.551315198943833
15.935542564017606
3.6493047995451198
21.22133100539072
11.561061066640958
38.59392887494738
12.29608095828374
32.267659068410914
25.236809573720834
30.98441935226275
19.45412167383179
13.462769641776369
12.265959738471398
31.622265716992903
38.378717350652764
9.225254640784774
27.423473207952163
27.940761506985112
8.549077994574116
4.854796046276302
